# Created by Octave 7.3.0, Wed Nov 15 21:04:09 2023 UTC <jovyan@224710f94f77>
# name: C
# type: scalar
4


# name: Cex
# type: matrix
# rows: 26
# columns: 1
 200
 210
 220
 230
 240
 250
 260
 270
 280
 290
 300
 310
 320
 330
 340
 350
 360
 370
 380
 390
 400
 410
 420
 430
 440
 450


# name: Cem
# type: matrix
# rows: 350
# columns: 1
 250
 251
 252
 253
 254
 255
 256
 257
 258
 259
 260
 261
 262
 263
 264
 265
 266
 267
 268
 269
 270
 271
 272
 273
 274
 275
 276
 277
 278
 279
 280
 281
 282
 283
 284
 285
 286
 287
 288
 289
 290
 291
 292
 293
 294
 295
 296
 297
 298
 299
 300
 301
 302
 303
 304
 305
 306
 307
 308
 309
 310
 311
 312
 313
 314
 315
 316
 317
 318
 319
 320
 321
 322
 323
 324
 325
 326
 327
 328
 329
 330
 331
 332
 333
 334
 335
 336
 337
 338
 339
 340
 341
 342
 343
 344
 345
 346
 347
 348
 349
 350
 351
 352
 353
 354
 355
 356
 357
 358
 359
 360
 362
 363
 364
 365
 366
 367
 368
 369
 370
 371
 372
 373
 374
 375
 376
 377
 378
 379
 380
 381
 382
 383
 384
 385
 386
 387
 388
 389
 390
 391
 392
 393
 394
 395
 396
 397
 398
 399
 400
 401
 402
 403
 404
 405
 406
 407
 408
 409
 410
 411
 412
 413
 414
 415
 416
 417
 418
 419
 420
 421
 422
 423
 424
 425
 426
 427
 428
 429
 430
 431
 432
 433
 434
 435
 436
 437
 438
 439
 440
 441
 442
 443
 444
 445
 446
 447
 448
 449
 450
 451
 452
 453
 454
 455
 456
 457
 458
 459
 460
 461
 462
 463
 464
 465
 466
 467
 468
 469
 470
 471
 472
 473
 474
 475
 476
 477
 478
 479
 480
 481
 482
 483
 484
 485
 486
 487
 488
 489
 490
 491
 492
 493
 494
 495
 496
 497
 498
 499
 500
 501
 502
 503
 504
 505
 506
 507
 508
 509
 510
 511
 512
 513
 514
 515
 516
 517
 518
 519
 520
 521
 522
 523
 524
 525
 526
 527
 528
 529
 530
 531
 532
 533
 534
 535
 536
 537
 538
 539
 540
 541
 542
 543
 544
 545
 546
 547
 548
 549
 550
 551
 552
 553
 554
 555
 556
 557
 558
 559
 560
 561
 562
 563
 564
 565
 566
 567
 568
 569
 570
 571
 572
 573
 574
 575
 576
 577
 578
 579
 580
 581
 582
 583
 584
 585
 586
 587
 588
 589
 590
 591
 592
 593
 594
 595
 596
 597
 598
 599
 600


# name: Cex1
# type: matrix
# rows: 26
# columns: 1
 0.24759999999999999
 0.42499999999999999
 0.65859999999999996
 0.23899999999999999
 0.081100000000000005
 0.1176
 0.19919999999999999
 0.26840000000000003
 0.2954
 0.21249999999999999
 0.046100000000000002
 0.014999999999999999
 0.012
 0.010699999999999999
 0.0083999999999999995
 0.0028999999999999998
 0
 0
 0
 0
 0
 0
 0
 0
 0
 0


# name: Cem1
# type: matrix
# rows: 350
# columns: 1
 0
 0
 0
 0
 0
 0
 0
 0
 0
 0
 0
 0
 0
 0
 0.001
 0
 0.0001
 0.00050000000000000001
 0.0014
 0.00029999999999999997
 0.0012999999999999999
 0.0015
 0.0015
 0.00080000000000000004
 0.0011999999999999999
 0.0011999999999999999
 0.0012999999999999999
 0.00080000000000000004
 0.0011999999999999999
 0.0012999999999999999
 0.00080000000000000004
 0.00040000000000000002
 0.0012999999999999999
 0.0015
 0.0032000000000000002
 0.0011000000000000001
 0.0030000000000000001
 0.0041999999999999997
 0.0023
 0.0033
 0.0043
 0.0050000000000000001
 0.0023
 0.0050000000000000001
 0.0016999999999999999
 0.0051000000000000004
 0.0061999999999999998
 0.0038
 0.0035999999999999999
 0.0028999999999999998
 0.0040000000000000001
 0.0054999999999999997
 0.0074000000000000003
 0.0117
 0.0077999999999999996
 0.0054999999999999997
 0.0099000000000000008
 0.0086
 0.0086
 0.0123
 0.012200000000000001
 0.0129
 0.0152
 0.016899999999999998
 0.0223
 0.023300000000000001
 0.024500000000000001
 0.0298
 0.032199999999999999
 0.036999999999999998
 0.042299999999999997
 0.041700000000000001
 0.049000000000000002
 0.050500000000000003
 0.050999999999999997
 0.060299999999999999
 0.060199999999999997
 0.065799999999999997
 0.071499999999999994
 0.077600000000000002
 0.078700000000000006
 0.081299999999999997
 0.0848
 0.085699999999999998
 0.093299999999999994
 0.097100000000000006
 0.096199999999999994
 0.10000000000000001
 0.1069
 0.1084
 0.1076
 0.1139
 0.11310000000000001
 0.12189999999999999
 0.11890000000000001
 0.12180000000000001
 0.12970000000000001
 0.1278
 0.13420000000000001
 0.13250000000000001
 0.13669999999999999
 0.13450000000000001
 0.1356
 0.13750000000000001
 0.1356
 0.13919999999999999
 0.1421
 0.14030000000000001
 0.14199999999999999
 0.13969999999999999
 0.14249999999999999
 0.1351
 0.1366
 0.13500000000000001
 0.1356
 0.1285
 0.1321
 0.13170000000000001
 0.13139999999999999
 0.1295
 0.1244
 0.1258
 0.122
 0.1171
 0.1187
 0.1164
 0.1148
 0.1085
 0.1105
 0.1069
 0.10539999999999999
 0.1016
 0.099699999999999997
 0.096799999999999997
 0.095899999999999999
 0.090800000000000006
 0.089499999999999996
 0.087900000000000006
 0.086800000000000002
 0.083500000000000005
 0.079500000000000001
 0.078100000000000003
 0.078700000000000006
 0.076600000000000001
 0.073800000000000004
 0.069000000000000006
 0.069900000000000004
 0.066400000000000001
 0.060400000000000002
 0.058799999999999998
 0.058900000000000001
 0.0591
 0.055399999999999998
 0.053499999999999999
 0.052299999999999999
 0.0533
 0.046800000000000001
 0.046600000000000003
 0.045499999999999999
 0.045900000000000003
 0.0419
 0.038800000000000001
 0.037900000000000003
 0.039
 0.040800000000000003
 0.035299999999999998
 0.033399999999999999
 0.031600000000000003
 0.029100000000000001
 0.033300000000000003
 0.0309
 0.029000000000000001
 0.030099999999999998
 0.027900000000000001
 0.0287
 0.022100000000000002
 0.023199999999999998
 0.023300000000000001
 0.021600000000000001
 0.019199999999999998
 0.018100000000000002
 0.0172
 0.014
 0.014800000000000001
 0.012999999999999999
 0.0143
 0.0121
 0.0117
 0.0134
 0.012800000000000001
 0.0126
 0.012200000000000001
 0.0134
 0.0111
 0.011599999999999999
 0.0121
 0.011900000000000001
 0.0117
 0.014800000000000001
 0.014
 0.017899999999999999
 0.016500000000000001
 0.0132
 0.014200000000000001
 0.016299999999999999
 0.0147
 0.012
 0.013100000000000001
 0.0149
 0.0124
 0.013599999999999999
 0.011299999999999999
 0.0114
 0.0117
 0.0111
 0.0071000000000000004
 0.0099000000000000008
 0.0095999999999999992
 0.010800000000000001
 0.0104
 0.0076
 0.0092999999999999992
 0.0086999999999999994
 0.0106
 0.0086999999999999994
 0.0106
 0.0083999999999999995
 0.0088999999999999999
 0.0080000000000000002
 0.0074999999999999997
 0.0064000000000000003
 0.0061000000000000004
 0.0063
 0.0044999999999999997
 0.0058999999999999999
 0.0064000000000000003
 0.0077999999999999996
 0.0043
 0.0041999999999999997
 0.0038
 0.0032000000000000002
 0.0044999999999999997
 0.0022000000000000001
 0.0025000000000000001
 0.0018
 0.00020000000000000001
 0.0028
 0.00089999999999999998
 0.00059999999999999995
 0.0020999999999999999
 0.0014
 0.0015
 0.0011000000000000001
 0.00089999999999999998
 0.0011000000000000001
 0.00029999999999999997
 0.002
 0.0015
 0.0037000000000000002
 0.0015
 0.0048999999999999998
 0.0012999999999999999
 0.0025999999999999999
 0.0018
 0.0016000000000000001
 0.0028999999999999998
 0.0022000000000000001
 0.0040000000000000001
 0.0030000000000000001
 0.00059999999999999995
 0.0018
 0.0020999999999999999
 0.0011999999999999999
 0.0023
 0.0011000000000000001
 0.0012999999999999999
 0.0020999999999999999
 0.0030999999999999999
 0.0011999999999999999
 0.0011000000000000001
 0.0023999999999999998
 0.0027000000000000001
 0.0015
 0.0011000000000000001
 0.0028999999999999998
 0.00089999999999999998
 0.0011000000000000001
 0.001
 0.001
 0.001
 0.00089999999999999998
 0.00040000000000000002
 0.0016000000000000001
 0.00029999999999999997
 0.00029999999999999997
 0.0019
 0.00089999999999999998
 0.00029999999999999997
 0.00050000000000000001
 0.0011999999999999999
 0.0015
 0.0012999999999999999
 0.00029999999999999997
 0.0011999999999999999
 0.0011999999999999999
 0.00020000000000000001
 0.00080000000000000004
 0.001
 0.00040000000000000002
 0.0011999999999999999
 0.001
 0.00069999999999999999
 0
 0.00059999999999999995
 0.0011000000000000001
 0.001
 0.00050000000000000001
 0.0023999999999999998
 0
 0.00069999999999999999
 0.00080000000000000004
 0
 0.0011000000000000001
 0.00050000000000000001
 0
 0
 0
 0
 0
 0
 0
 0
 0
 0
 0
 0
 0
 0
 0
 0
 0
 0
 0
 0
 0
 0
 0
 0.0001
 0
 0


# name: Cex2
# type: matrix
# rows: 26
# columns: 1
 0.19989999999999999
 0.2208
 0.24260000000000001
 0.26129999999999998
 0.2455
 0.24970000000000001
 0.221
 0.1961
 0.18770000000000001
 0.1759
 0.17519999999999999
 0.19070000000000001
 0.21870000000000001
 0.25140000000000001
 0.2702
 0.2611
 0.23139999999999999
 0.20039999999999999
 0.17519999999999999
 0.1482
 0.1239
 0.1036
 0.083599999999999994
 0.068900000000000003
 0.052900000000000003
 0.041500000000000002


# name: Cem2
# type: matrix
# rows: 350
# columns: 1
 0
 0
 0
 0
 0
 0
 0.00029999999999999997
 0.00059999999999999995
 0.0011999999999999999
 0.00069999999999999999
 0.0011999999999999999
 0.0011000000000000001
 0.00089999999999999998
 0.00089999999999999998
 0.00089999999999999998
 0.00040000000000000002
 0.00069999999999999999
 0.00029999999999999997
 0.00050000000000000001
 0.00029999999999999997
 0.00069999999999999999
 0.00089999999999999998
 0.001
 0.0016000000000000001
 0.0018
 0.0012999999999999999
 0.0016000000000000001
 0.0016000000000000001
 0.0014
 0.0012999999999999999
 0.0016000000000000001
 0.0014
 0.0011000000000000001
 0.0023999999999999998
 0.0011000000000000001
 0.002
 0.0011999999999999999
 0.00059999999999999995
 0
 0
 0
 0
 0
 0
 0
 0
 0
 0
 0
 0
 0
 0
 0
 0
 0
 0
 0
 0
 0
 0
 0
 0
 0
 0
 0
 0
 0
 0
 0
 0
 0
 0
 0
 0
 0
 0
 0
 0
 0
 0
 0
 0
 0
 0
 0
 0
 0
 0
 0
 0
 0
 0
 0
 0
 0
 0
 0
 0
 0
 0
 0
 0
 0
 0
 0
 0
 0
 0
 0
 0
 0
 0
 0
 0
 0
 0
 0
 0
 0
 0.00020000000000000001
 0.00020000000000000001
 0.00080000000000000004
 0.0022000000000000001
 0.0035999999999999999
 0.0045999999999999999
 0.0061000000000000004
 0.0068999999999999999
 0.0088000000000000005
 0.0099000000000000008
 0.0114
 0.013599999999999999
 0.014200000000000001
 0.0144
 0.017100000000000001
 0.018499999999999999
 0.021100000000000001
 0.019699999999999999
 0.021899999999999999
 0.023699999999999999
 0.024400000000000002
 0.026700000000000002
 0.026800000000000001
 0.0287
 0.030800000000000001
 0.0332
 0.034200000000000001
 0.036499999999999998
 0.0378
 0.039699999999999999
 0.039399999999999998
 0.041300000000000003
 0.042999999999999997
 0.043099999999999999
 0.047
 0.046899999999999997
 0.048300000000000003
 0.051499999999999997
 0.0533
 0.053800000000000001
 0.055500000000000001
 0.057700000000000001
 0.058599999999999999
 0.059900000000000002
 0.060199999999999997
 0.061699999999999998
 0.063399999999999998
 0.063600000000000004
 0.064699999999999994
 0.064600000000000005
 0.063899999999999998
 0.065000000000000002
 0.065100000000000005
 0.064799999999999996
 0.065600000000000006
 0.066799999999999998
 0.066699999999999995
 0.066299999999999998
 0.067299999999999999
 0.070000000000000007
 0.071099999999999997
 0.070999999999999994
 0.071099999999999997
 0.073700000000000002
 0.0746
 0.076499999999999999
 0.078799999999999995
 0.080199999999999994
 0.082000000000000003
 0.082600000000000007
 0.085099999999999995
 0.086300000000000002
 0.087499999999999994
 0.0901
 0.090300000000000005
 0.092999999999999999
 0.093700000000000006
 0.095500000000000002
 0.094899999999999998
 0.098199999999999996
 0.1012
 0.10150000000000001
 0.1021
 0.1027
 0.1055
 0.1048
 0.1045
 0.1067
 0.10829999999999999
 0.10979999999999999
 0.11020000000000001
 0.1079
 0.1099
 0.1091
 0.1095
 0.10920000000000001
 0.10920000000000001
 0.1108
 0.11020000000000001
 0.10929999999999999
 0.1081
 0.10929999999999999
 0.1089
 0.10829999999999999
 0.10780000000000001
 0.1087
 0.1062
 0.106
 0.1042
 0.1052
 0.10539999999999999
 0.10290000000000001
 0.1028
 0.1017
 0.10000000000000001
 0.098199999999999996
 0.098900000000000002
 0.0964
 0.097299999999999998
 0.095799999999999996
 0.095699999999999993
 0.094
 0.092700000000000005
 0.091600000000000001
 0.090499999999999997
 0.088800000000000004
 0.089599999999999999
 0.088300000000000003
 0.085400000000000004
 0.086099999999999996
 0.085300000000000001
 0.083400000000000002
 0.083400000000000002
 0.080500000000000002
 0.079399999999999998
 0.081799999999999998
 0.077899999999999997
 0.078299999999999995
 0.075700000000000003
 0.074300000000000005
 0.072800000000000004
 0.070499999999999993
 0.069900000000000004
 0.068500000000000005
 0.068500000000000005
 0.067199999999999996
 0.066000000000000003
 0.064600000000000005
 0.063799999999999996
 0.064699999999999994
 0.062100000000000002
 0.061499999999999999
 0.061699999999999998
 0.0591
 0.058000000000000003
 0.0574
 0.056899999999999999
 0.057099999999999998
 0.054899999999999997
 0.0545
 0.053900000000000003
 0.0533
 0.050999999999999997
 0.0499
 0.049700000000000001
 0.048500000000000001
 0.046699999999999998
 0.046899999999999997
 0.0458
 0.045600000000000002
 0.043499999999999997
 0.043999999999999997
 0.0436
 0.041200000000000001
 0.041200000000000001
 0.0407
 0.039300000000000002
 0.038199999999999998
 0.039399999999999998
 0.037600000000000001
 0.037499999999999999
 0.036600000000000001
 0.036299999999999999
 0.034599999999999999
 0.0349
 0.033700000000000001
 0.033300000000000003
 0.032899999999999999
 0.032500000000000001
 0.030700000000000002
 0.030800000000000001
 0.030700000000000002
 0.0292
 0.0292
 0.0281
 0.028000000000000001
 0.027400000000000001
 0.025999999999999999
 0.0264
 0.025999999999999999
 0.0246
 0.024199999999999999
 0.0229
 0.023199999999999998
 0.022100000000000002
 0.0218
 0.021000000000000001
 0.021899999999999999
 0.020500000000000001
 0.019
 0.019099999999999999
 0.0184
 0.018200000000000001
 0.017000000000000001
 0.0172
 0.016299999999999999
 0.016400000000000001
 0.0161
 0.016400000000000001
 0.015599999999999999
 0.015100000000000001
 0.014200000000000001
 0.0135
 0.012500000000000001
 0.013299999999999999
 0.012500000000000001
 0.012200000000000001
 0.011900000000000001
 0.0123
 0.012
 0.0101


# name: Cex3
# type: matrix
# rows: 26
# columns: 1
 0.0521
 0.0482
 0.1028
 0.27929999999999999
 0.30880000000000002
 0.32590000000000002
 0.28860000000000002
 0.24909999999999999
 0.22259999999999999
 0.25230000000000002
 0.30930000000000002
 0.32350000000000001
 0.29870000000000002
 0.26490000000000002
 0.21990000000000001
 0.159
 0.1048
 0.042999999999999997
 0.012500000000000001
 0
 0
 0
 0
 0
 0
 0


# name: Cem3
# type: matrix
# rows: 350
# columns: 1
 0.002
 0.002
 0.002
 0.0016000000000000001
 0.0015
 0.0016999999999999999
 0.0018
 0.0014
 0.0011000000000000001
 0.0020999999999999999
 0.0019
 0.0023
 0.0028999999999999998
 0.0033
 0.0032000000000000002
 0.0033999999999999998
 0.0035999999999999999
 0.0035000000000000001
 0.0033999999999999998
 0.0043
 0.0041999999999999997
 0.0044000000000000003
 0.0044999999999999997
 0.0041000000000000003
 0.0037000000000000002
 0.0035999999999999999
 0.0035999999999999999
 0.0033
 0.0032000000000000002
 0.0035000000000000001
 0.0035000000000000001
 0.0044999999999999997
 0.0054000000000000003
 0.0051999999999999998
 0.0070000000000000001
 0.0064999999999999997
 0.0077999999999999996
 0.0074999999999999997
 0.0074000000000000003
 0.0071000000000000004
 0.0067000000000000002
 0.0064999999999999997
 0.0068999999999999999
 0.0063
 0.0068999999999999999
 0.0068999999999999999
 0.0074000000000000003
 0.0074000000000000003
 0.0074999999999999997
 0.0070000000000000001
 0.0074999999999999997
 0.0077000000000000002
 0.0067999999999999996
 0.0067999999999999996
 0.0068999999999999999
 0.0076
 0.0085000000000000006
 0.0083999999999999995
 0.0091000000000000004
 0.0088999999999999999
 0.010200000000000001
 0.0109
 0.0104
 0.010800000000000001
 0.010999999999999999
 0.0114
 0.0123
 0.0124
 0.0129
 0.013299999999999999
 0.0138
 0.014500000000000001
 0.0155
 0.016799999999999999
 0.018100000000000002
 0.016899999999999998
 0.017999999999999999
 0.018599999999999998
 0.0183
 0.019
 0.019699999999999999
 0.020899999999999998
 0.021899999999999999
 0.023400000000000001
 0.023300000000000001
 0.0247
 0.0252
 0.0264
 0.0269
 0.0286
 0.028899999999999999
 0.030200000000000001
 0.0315
 0.033700000000000001
 0.035400000000000001
 0.0385
 0.039600000000000003
 0.042599999999999999
 0.044600000000000001
 0.047300000000000002
 0.047199999999999999
 0.050200000000000002
 0.051999999999999998
 0.053699999999999998
 0.055599999999999997
 0.056599999999999998
 0.058500000000000003
 0.059799999999999999
 0.061400000000000003
 0.062399999999999997
 0.063799999999999996
 0.066900000000000001
 0.0683
 0.070000000000000007
 0.072700000000000001
 0.075999999999999998
 0.0785
 0.080100000000000005
 0.082299999999999998
 0.084400000000000003
 0.086400000000000005
 0.087599999999999997
 0.088400000000000006
 0.088599999999999998
 0.088999999999999996
 0.089399999999999993
 0.090999999999999998
 0.090499999999999997
 0.090800000000000006
 0.091999999999999998
 0.091399999999999995
 0.092399999999999996
 0.095399999999999999
 0.096000000000000002
 0.096699999999999994
 0.096199999999999994
 0.0998
 0.099199999999999997
 0.0998
 0.1007
 0.1014
 0.1033
 0.10290000000000001
 0.1022
 0.1023
 0.1041
 0.10349999999999999
 0.1041
 0.1045
 0.1057
 0.1051
 0.1052
 0.10680000000000001
 0.1053
 0.10639999999999999
 0.1062
 0.1055
 0.1051
 0.1052
 0.1053
 0.1053
 0.1056
 0.1048
 0.1045
 0.1041
 0.10390000000000001
 0.1036
 0.1031
 0.10290000000000001
 0.10299999999999999
 0.1016
 0.1014
 0.1021
 0.1013
 0.1002
 0.1003
 0.1008
 0.099099999999999994
 0.097199999999999995
 0.096100000000000005
 0.095399999999999999
 0.094399999999999998
 0.092999999999999999
 0.091899999999999996
 0.090899999999999995
 0.088599999999999998
 0.087599999999999997
 0.086400000000000005
 0.085599999999999996
 0.083400000000000002
 0.082699999999999996
 0.082299999999999998
 0.080000000000000002
 0.080100000000000005
 0.0785
 0.077200000000000005
 0.075899999999999995
 0.076100000000000001
 0.073999999999999996
 0.0717
 0.070699999999999999
 0.070900000000000005
 0.069400000000000003
 0.066900000000000001
 0.066699999999999995
 0.0659
 0.063799999999999996
 0.062399999999999997
 0.060299999999999999
 0.059900000000000002
 0.059700000000000003
 0.058700000000000002
 0.058099999999999999
 0.057000000000000002
 0.055800000000000002
 0.0557
 0.0528
 0.053100000000000001
 0.051900000000000002
 0.0511
 0.048800000000000003
 0.047800000000000002
 0.046899999999999997
 0.046399999999999997
 0.0448
 0.045199999999999997
 0.044299999999999999
 0.043499999999999997
 0.041799999999999997
 0.040399999999999998
 0.040599999999999997
 0.039300000000000002
 0.038199999999999998
 0.039199999999999999
 0.038800000000000001
 0.036900000000000002
 0.037199999999999997
 0.034500000000000003
 0.034000000000000002
 0.033099999999999997
 0.033000000000000002
 0.032199999999999999
 0.032000000000000001
 0.031600000000000003
 0.031600000000000003
 0.030499999999999999
 0.029899999999999999
 0.031699999999999999
 0.029600000000000001
 0.028299999999999999
 0.0287
 0.027400000000000001
 0.027699999999999999
 0.0275
 0.024199999999999999
 0.025700000000000001
 0.023300000000000001
 0.023599999999999999
 0.023199999999999998
 0.0229
 0.023900000000000001
 0.023
 0.022800000000000001
 0.021600000000000001
 0.021399999999999999
 0.021399999999999999
 0.020899999999999998
 0.020299999999999999
 0.0189
 0.019800000000000002
 0.019699999999999999
 0.017899999999999999
 0.019599999999999999
 0.019900000000000001
 0.0189
 0.018499999999999999
 0.0172
 0.017899999999999999
 0.0172
 0.015800000000000002
 0.0155
 0.015800000000000002
 0.0166
 0.016
 0.0155
 0.016400000000000001
 0.0149
 0.014999999999999999
 0.0152
 0.015900000000000001
 0.015100000000000001
 0.014
 0.014800000000000001
 0.0141
 0.013599999999999999
 0.0132
 0.013299999999999999
 0.012
 0.012500000000000001
 0.0118
 0.0115
 0.0111
 0.0117
 0.010500000000000001
 0.010999999999999999
 0.010800000000000001
 0.0106
 0.0097999999999999997
 0.0109
 0.0099000000000000008
 0.0091999999999999998
 0.0101
 0.01
 0.01
 0.0097000000000000003
 0.0095999999999999992
 0.010200000000000001
 0.0097999999999999997
 0.0097000000000000003
 0.0099000000000000008
 0.0099000000000000008
 0.0104
 0.0094000000000000004
 0.0097000000000000003
 0.0095999999999999992
 0.0097999999999999997
 0.0082000000000000007
 0.0088999999999999999
 0.0091999999999999998
 0.0083000000000000001
 0.0088000000000000005
 0.0085000000000000006
 0.0089999999999999993
 0.0086999999999999994
 0.0088999999999999999
 0.0080999999999999996
 0.0082000000000000007
 0.0074000000000000003
 0.0077000000000000002
 0.0074999999999999997
 0.0080000000000000002
 0.0088000000000000005
 0.0094999999999999998
 0.0082000000000000007
 0.0083000000000000001
 0.0079000000000000008
 0.0080000000000000002
 0.0070000000000000001
 0.0073000000000000001
 0.0088999999999999999


# name: Cex4
# type: matrix
# rows: 26
# columns: 1
 0.51859999999999995
 0.36230000000000001
 0.51459999999999995
 0.47189999999999999
 0.058200000000000002
 0.031899999999999998
 0.1002
 0.2157
 0.2147
 0.063799999999999996
 0.033099999999999997
 0.0038999999999999998
 0
 0
 0
 0
 0
 0
 0.0012999999999999999
 0.0016000000000000001
 0.0016999999999999999
 0.0016000000000000001
 0.0018
 0.0012999999999999999
 0.00029999999999999997
 0.00020000000000000001


# name: Cem4
# type: matrix
# rows: 350
# columns: 1
 0.020899999999999998
 0.018499999999999999
 0.015699999999999999
 0.0149
 0.0111
 0.0101
 0.0083000000000000001
 0.0085000000000000006
 0.0077999999999999996
 0.0055999999999999999
 0.0054000000000000003
 0.0055999999999999999
 0.0045999999999999999
 0.0041999999999999997
 0.0047000000000000002
 0.0041999999999999997
 0.0043
 0.0044999999999999997
 0.0050000000000000001
 0.0032000000000000002
 0.0043
 0.0047999999999999996
 0.0041000000000000003
 0.0071999999999999998
 0.0061999999999999998
 0.0066
 0.0055999999999999999
 0.0094000000000000004
 0.010200000000000001
 0.010800000000000001
 0.015599999999999999
 0.0177
 0.02
 0.029399999999999999
 0.032899999999999999
 0.049599999999999998
 0.052600000000000001
 0.066799999999999998
 0.080399999999999999
 0.089499999999999996
 0.1011
 0.11210000000000001
 0.12239999999999999
 0.14019999999999999
 0.153
 0.15740000000000001
 0.16370000000000001
 0.1739
 0.1764
 0.18459999999999999
 0.18160000000000001
 0.1804
 0.18970000000000001
 0.18340000000000001
 0.18840000000000001
 0.188
 0.1749
 0.1782
 0.17319999999999999
 0.16930000000000001
 0.16220000000000001
 0.15670000000000001
 0.1585
 0.1547
 0.1426
 0.13769999999999999
 0.1323
 0.1241
 0.1196
 0.1099
 0.10489999999999999
 0.1087
 0.092100000000000001
 0.082299999999999998
 0.078299999999999995
 0.0785
 0.077200000000000005
 0.065000000000000002
 0.063799999999999996
 0.059900000000000002
 0.059299999999999999
 0.049700000000000001
 0.047800000000000002
 0.044200000000000003
 0.043900000000000002
 0.0349
 0.0424
 0.043700000000000003
 0.0327
 0.036700000000000003
 0.039399999999999998
 0.028400000000000002
 0.035700000000000003
 0.022200000000000001
 0.034099999999999998
 0.029100000000000001
 0.025100000000000001
 0.026700000000000002
 0.02
 0.022599999999999999
 0.023300000000000001
 0.019699999999999999
 0.021700000000000001
 0.021600000000000001
 0.0241
 0.021700000000000001
 0.0118
 0.018599999999999998
 0.0089999999999999993
 0.018200000000000001
 0.018100000000000002
 0.019699999999999999
 0.018800000000000001
 0.019599999999999999
 0.015699999999999999
 0.0152
 0.010200000000000001
 0.0115
 0.010200000000000001
 0.0167
 0.0154
 0.0091000000000000004
 0.0124
 0.019099999999999999
 0.014500000000000001
 0.012800000000000001
 0.0083999999999999995
 0.021000000000000001
 0.012800000000000001
 0.014800000000000001
 0.0152
 0.022599999999999999
 0.0134
 0.0104
 0.0092999999999999992
 0.0124
 0.0055999999999999999
 0.010200000000000001
 0.0126
 0.014999999999999999
 0.017100000000000001
 0.0066
 0.0121
 0.012800000000000001
 0.015299999999999999
 0.0149
 0.0135
 0.012800000000000001
 0.017299999999999999
 0.0138
 0.012999999999999999
 0.011599999999999999
 0.012800000000000001
 0.012800000000000001
 0.010500000000000001
 0.0112
 0.012800000000000001
 0.012999999999999999
 0.0134
 0.0121
 0.014800000000000001
 0.0111
 0.015800000000000002
 0.014800000000000001
 0.0134
 0.017600000000000001
 0.0143
 0.017299999999999999
 0.018100000000000002
 0.0134
 0.014500000000000001
 0.015900000000000001
 0.012500000000000001
 0.0118
 0.0137
 0.0135
 0.0095999999999999992
 0.0091000000000000004
 0.014200000000000001
 0.020500000000000001
 0.023300000000000001
 0.028899999999999999
 0.037600000000000001
 0.038399999999999997
 0.040599999999999997
 0.035000000000000003
 0.042799999999999998
 0.035000000000000003
 0.037499999999999999
 0.036999999999999998
 0.035999999999999997
 0.027
 0.035999999999999997
 0.020899999999999998
 0.0178
 0.027699999999999999
 0.021000000000000001
 0.0229
 0.0167
 0.027699999999999999
 0.023599999999999999
 0.024199999999999999
 0.028000000000000001
 0.025000000000000001
 0.017500000000000002
 0.027900000000000001
 0.029600000000000001
 0.023099999999999999
 0.034099999999999998
 0.0304
 0.0252
 0.028899999999999999
 0.0223
 0.0141
 0.020400000000000001
 0.015599999999999999
 0.018100000000000002
 0.0115
 0.012699999999999999
 0.012800000000000001
 0.016799999999999999
 0.0124
 0.015299999999999999
 0.012500000000000001
 0.010800000000000001
 0.0103
 0.0123
 0.015699999999999999
 0.0152
 0.016500000000000001
 0.017600000000000001
 0.022700000000000001
 0.020899999999999998
 0.018200000000000001
 0.0152
 0.018700000000000001
 0.0152
 0.017299999999999999
 0.019699999999999999
 0.016799999999999999
 0.014999999999999999
 0.0195
 0.022200000000000001
 0.0247
 0.027900000000000001
 0.029600000000000001
 0.028500000000000001
 0.028799999999999999
 0.026599999999999999
 0.028199999999999999
 0.026200000000000001
 0.024400000000000002
 0.021600000000000001
 0.016400000000000001
 0.019199999999999998
 0.0137
 0.0138
 0.0099000000000000008
 0.0104
 0.0074999999999999997
 0.0053
 0.0097999999999999997
 0.0066
 0.0074000000000000003
 0.0060000000000000001
 0.0051999999999999998
 0.0038999999999999998
 0.0033
 0.0063
 0.0057999999999999996
 0.0061999999999999998
 0.0076
 0.0044000000000000003
 0.0018
 0.0038
 0.0060000000000000001
 0.0038999999999999998
 0.0041999999999999997
 0.0041999999999999997
 0.0064000000000000003
 0.0053
 0.0032000000000000002
 0.0043
 0.0044000000000000003
 0.0018
 0.0023999999999999998
 0.0051000000000000004
 0.0061999999999999998
 0.0040000000000000001
 0.0047000000000000002
 0.0053
 0.0058999999999999999
 0.0033999999999999998
 0.0033
 0.0033
 0.0043
 0.0044000000000000003
 0.0035999999999999999
 0.0043
 0.0038
 0.0043
 0.0040000000000000001
 0.0044999999999999997
 0.0054999999999999997
 0.0057000000000000002
 0.0060000000000000001
 0.0060000000000000001
 0.0058999999999999999
 0.0051999999999999998
 0.0066
 0.0074000000000000003
 0.0071000000000000004
 0.0092999999999999992
 0.0092999999999999992
 0.012
 0.011900000000000001
 0.012699999999999999
 0.015599999999999999
 0.015900000000000001
 0.019099999999999999
 0.0241
 0.023
 0.025499999999999998
 0.027400000000000001
 0.028799999999999999
 0.0293
 0.034000000000000002
 0.032800000000000003
 0.033500000000000002
 0.038300000000000001
 0.037699999999999997
 0.038199999999999998
 0.039800000000000002
 0.040800000000000003
 0.041799999999999997
 0.044299999999999999
 0.0436
 0.047
 0.047899999999999998
 0.051999999999999998
 0.048099999999999997
 0.048300000000000003
 0.047699999999999999
 0.050000000000000003
 0.051499999999999997
 0.054699999999999999
 0.052600000000000001
 0.056599999999999998
 0.053100000000000001
 0.049200000000000001


